14 15 16 17 18 20 36
2 3 4 5 9 10 40
1 8 9 10 11 13 19 25 26 40
1 8 9 12
5
1 4 6 39
10 26 27 28 29 30 33 34 37
6
2 3 9
1 2 3 8 40
1 2 4 26
2 12 13
3 11 13
11 12 14 15 16 17
0 13 15
0 13 14 16
0 13 15 17 18
16 18 19
0 16 17 19 20
2 17 18 20 24 25
0 18 19 21 22 23 24 36
20 22
20 21 23 31 35
20 22 24 26 27 28 31
19 20 23 25 26
2 19 24 26
2 10 23 24 25 27
4 23 26 28
4 23 27 29
4 28 30 31
4 29 31 33
22 23 28 29 30 32 33
31 33 34 35
4 30 31 32 34
4 32 33 35 36
22 31 32 34 36
0 20 34 35
4 38
37 39
6 38
1 2 9